899 522 7089
0 0
1 0
2 1
3 0
4 0
5 2
6 0
7 0
8 0
1 3
8 3
0 3
4 3
9 0
10 4
11 0
11 3
12 5
13 5
14 5
15 6
1 6
0 6
14 6
8 6
3 6
16 7
3 8
0 8
17 9
18 6
19 9
20 6
21 7
22 10
23 4
23 3
23 11
24 4
2 4
25 0
26 0
27 4
28 6
29 0
30 6
31 4
32 6
32 12
33 6
34 4
35 4
36 9
10 8
36 2
37 2
38 4
38 9
39 13
39 6
40 0
41 14
41 15
42 9
43 9
44 9
43 16
45 10
5 6
46 17
46 18
46 1
46 19
17 17
17 15
47 9
48 9
49 6
48 6
49 8
49 4
10 20
49 9
49 20
50 9
51 9
52 4
10 9
53 6
54 9
55 6
56 17
57 12
58 17
40 21
58 12
20 22
59 4
60 9
61 8
61 20
61 23
62 16
28 9
63 6
64 4
64 14
63 10
63 12
65 7
65 12
27 24
66 25
67 9
68 9
69 6
69 1
70 4
71 16
64 12
64 26
72 7
46 27
64 28
41 29
71 20
41 30
73 20
65 1
72 5
72 12
41 13
74 7
75 4
76 26
77 20
78 9
16 12
16 5
16 25
72 9
79 0
80 25
36 23
44 25
36 17
81 4
82 6
83 9
84 2
85 29
86 9
87 1
88 31
87 4
16 9
89 7
89 12
89 25
90 7
91 12
91 13
92 12
88 7
91 32
93 1
93 33
94 12
16 34
90 34
32 8
95 10
96 4
85 23
97 10
98 31
72 31
99 35
100 23
99 10
99 34
101 36
102 1
99 37
103 33
100 36
104 6
104 38
105 10
78 17
106 10
101 20
107 2
97 11
1 39
108 1
108 19
85 37
48 13
109 6
48 34
100 16
110 36
111 29
111 40
111 10
111 2
111 36
111 37
45 40
45 37
112 6
113 13
113 6
114 16
113 12
56 37
115 9
2 19
42 41
42 17
42 20
42 42
62 33
16 42
114 43
116 0
75 34
112 0
62 44
98 45
100 34
10 23
60 33
114 35
114 12
71 29
117 16
32 42
16 43
45 45
118 6
119 13
39 41
112 36
23 42
113 8
80 12
120 38
60 46
121 42
41 44
122 6
37 21
123 21
64 40
114 47
51 23
124 9
124 6
125 0
17 36
86 37
126 6
127 9
128 42
119 9
129 5
19 48
119 36
130 9
131 29
43 23
132 7
66 9
60 4
66 21
113 42
133 48
32 13
17 39
80 10
134 22
66 47
80 7
80 49
135 11
56 36
136 20
136 14
137 17
138 50
66 30
132 51
139 4
94 31
79 42
139 52
140 42
141 25
142 38
139 12
136 29
136 39
143 9
136 52
1 40
101 12
144 38
145 12
146 17
146 42
82 9
82 52
146 20
147 10
146 9
14 42
114 49
14 12
148 38
148 6
148 17
148 42
66 53
149 9
150 32
142 29
107 10
142 39
151 4
105 36
131 20
152 23
153 4
131 14
152 54
153 17
154 12
53 7
53 10
64 29
155 8
64 55
64 39
64 20
106 25
156 2
156 39
87 19
87 49
4 53
4 6
37 9
157 56
87 10
85 57
34 56
34 50
34 45
158 10
159 42
160 25
49 36
161 52
162 0
163 0
137 58
137 48
137 25
137 59
58 47
137 47
16 31
58 23
16 60
89 10
131 53
164 22
165 26
16 1
166 16
167 22
167 40
166 27
69 13
167 9
114 61
166 22
168 57
169 42
85 40
170 17
171 62
150 6
170 10
172 14
172 55
170 25
173 22
173 16
46 12
46 25
174 43
46 23
175 62
78 63
164 10
174 12
164 62
78 12
84 6
84 39
84 57
159 62
176 57
155 64
155 16
149 63
177 9
16 65
94 62
16 62
175 60
178 12
16 33
94 66
16 66
175 42
155 66
127 67
137 63
175 22
175 68
146 47
51 26
166 42
166 68
10 26
10 58
94 33
94 54
94 45
179 69
94 47
172 69
18 2
21 17
4 34
180 62
181 50
180 6
4 70
180 68
27 56
180 17
180 18
27 62
180 21
180 71
164 68
182 34
54 18
182 35
182 72
182 60
183 68
182 73
164 74
183 62
183 34
48 75
172 70
155 17
16 73
86 24
184 0
185 18
186 62
183 75
43 75
68 39
68 2
177 2
177 76
187 62
177 75
160 61
160 12
188 62
10 77
88 12
51 77
94 7
23 56
23 78
23 62
0 42
168 37
189 18
190 79
28 79
30 79
191 22
174 62
175 80
182 80
37 75
61 42
192 15
192 22
37 17
159 12
145 60
192 10
192 12
193 13
174 18
192 6
192 42
16 81
188 60
194 10
191 72
166 82
132 73
166 12
195 38
195 6
196 83
196 84
92 60
86 85
195 86
147 65
191 84
166 31
91 68
191 87
149 17
197 79
197 2
197 21
23 16
198 0
134 68
199 85
132 74
200 12
43 80
191 47
16 53
137 88
201 66
201 25
201 88
128 89
16 90
202 91
201 6
202 22
182 91
201 92
201 22
72 90
203 18
202 74
201 84
203 24
121 53
51 16
204 91
201 61
191 6
202 10
202 6
130 12
131 93
202 84
121 62
202 86
201 47
201 58
201 23
166 35
201 87
191 94
82 4
166 91
201 90
205 9
137 94
201 73
127 68
72 1
201 94
191 88
82 17
127 12
206 34
203 62
206 23
207 36
208 87
209 95
210 10
210 33
86 96
211 25
22 91
207 97
210 23
209 62
210 98
100 88
22 98
212 12
207 98
212 25
213 4
213 25
191 62
212 41
210 36
212 68
212 22
210 24
212 1
210 99
212 38
212 100
212 44
212 10
214 72
212 20
212 5
215 101
212 53
212 71
212 84
212 15
212 24
212 102
212 72
212 32
29 6
212 43
212 87
212 42
212 62
202 34
172 79
181 4
216 103
217 96
101 103
218 11
218 12
107 6
173 91
55 79
101 15
157 104
173 68
145 93
131 105
173 82
61 62
219 18
180 82
84 69
84 53
166 103
220 18
180 72
145 18
37 72
64 89
64 105
64 73
221 69
222 25
64 32
64 106
222 42
223 20
222 53
222 62
223 53
109 53
222 49
83 42
83 81
124 91
124 107
224 107
58 81
58 57
58 84
58 78
58 43
17 63
23 88
182 42
182 22
180 25
87 82
46 29
46 103
46 108
46 49
40 6
225 6
16 82
40 8
226 109
90 42
227 6
227 8
227 17
228 17
69 107
229 53
230 20
58 16
170 72
148 86
170 71
231 16
226 62
232 106
37 82
209 76
209 58
233 110
49 16
23 25
234 22
91 111
91 3
32 112
91 112
160 113
32 41
32 106
209 109
116 53
172 106
104 53
235 35
236 58
45 57
84 40
45 23
237 107
237 20
238 114
237 8
130 76
51 75
20 115
37 116
37 102
237 115
237 17
83 107
83 114
148 115
37 86
175 91
239 4
175 53
240 84
241 80
191 117
242 12
9 6
241 82
37 11
243 84
135 76
37 62
48 112
10 72
66 62
66 102
241 118
243 91
244 42
182 118
202 88
23 8
186 87
238 119
225 120
157 21
245 95
225 42
245 41
231 26
226 40
246 109
246 20
57 62
173 42
79 53
85 121
66 26
212 122
66 52
247 22
201 83
10 16
248 79
248 53
197 75
249 97
250 9
179 84
204 90
51 119
183 21
183 43
197 53
17 62
251 123
201 67
16 68
201 108
124 17
201 100
201 110
124 8
252 124
253 4
254 39
255 25
252 72
256 40
257 24
253 36
255 43
253 87
79 6
255 12
255 47
238 125
55 115
70 24
172 116
70 76
172 117
81 73
121 126
121 96
58 127
81 74
56 74
81 15
258 53
81 87
81 37
58 128
22 93
58 129
258 7
258 43
258 109
19 91
201 130
201 125
259 43
45 131
58 62
260 32
58 77
66 123
85 131
159 127
259 62
86 49
39 53
258 62
173 80
173 132
261 41
60 133
184 3
85 126
261 82
204 132
204 68
262 26
263 85
264 134
262 135
56 134
111 136
111 121
111 86
265 29
98 115
48 37
265 41
69 84
92 40
265 137
266 101
265 45
265 97
22 130
267 134
265 1
264 75
265 138
266 126
265 120
166 139
86 140
265 37
129 140
220 25
122 103
174 141
220 61
220 100
41 142
122 90
29 143
115 53
114 140
220 144
79 143
197 0
268 20
114 133
6 6
114 101
269 123
208 48
113 126
191 16
207 136
161 32
207 137
220 145
270 146
271 62
33 49
114 77
220 24
33 147
157 20
220 12
270 148
270 20
269 62
33 72
270 96
270 149
33 62
270 62
33 96
270 25
33 86
33 106
33 107
270 49
163 115
270 12
270 36
22 87
270 150
82 53
33 151
270 151
21 81
33 4
270 6
172 144
272 151
272 96
272 152
273 6
270 153
86 74
86 10
272 146
270 154
272 149
270 40
270 155
274 123
259 16
259 12
182 88
275 0
29 87
276 146
28 107
110 120
39 137
175 103
276 151
39 4
276 156
277 82
272 6
278 53
279 76
279 11
279 10
110 121
191 83
280 157
175 118
110 157
166 118
278 36
280 121
278 9
101 88
280 56
117 81
268 158
110 6
277 53
32 87
213 100
55 42
277 6
281 17
242 9
278 106
166 62
166 146
242 81
259 159
166 153
242 159
280 160
259 80
259 132
34 37
206 17
10 6
10 76
280 120
282 69
113 103
280 36
165 161
35 17
35 28
283 42
35 162
278 11
35 53
284 42
35 1
110 131
285 39
284 65
284 17
206 42
206 163
284 157
278 164
97 164
278 165
284 18
147 18
286 6
4 155
9 120
9 40
9 39
278 142
204 118
287 103
287 25
288 29
288 4
287 17
187 29
40 53
20 118
287 65
218 126
40 140
97 163
131 115
114 17
233 120
168 131
85 39
139 123
269 16
289 166
290 29
291 107
290 121
232 167
232 168
115 51
292 90
292 69
292 70
166 77
292 49
261 121
292 68
172 88
166 169
1 120
64 170
81 17
44 53
293 32
294 107
293 42
56 131
293 6
81 65
33 153
33 27
33 122
33 67
295 125
272 72
184 6
33 152
294 114
33 13
184 171
270 10
8 8
238 129
270 172
8 55
8 57
270 72
33 7
33 173
270 102
33 71
33 171
33 0
33 17
296 114
296 10
296 87
297 144
86 21
166 88
113 87
58 138
227 162
99 69
172 167
172 142
226 174
172 170
172 53
128 122
298 79
112 151
128 100
44 70
128 170
166 90
299 70
300 96
259 10
9 171
301 17
117 53
72 175
82 115
284 72
302 62
261 170
58 125
303 12
302 12
87 176
204 22
304 93
304 144
304 98
218 134
36 151
6 171
36 177
36 137
304 99
227 165
305 134
305 76
305 20
243 9
127 93
35 12
306 107
16 175
269 9
206 65
100 101
200 163
200 9
265 39
307 162
276 171
301 75
301 33
301 74
98 37
245 12
278 100
308 9
309 102
218 178
169 69
16 179
310 178
57 173
58 131
311 62
276 16
272 37
311 103
276 59
276 180
272 180
270 180
272 13
276 157
312 150
270 93
276 40
121 117
272 181
276 181
272 40
276 72
272 93
312 53
276 149
272 1
276 12
272 153
272 154
272 172
272 36
276 103
276 95
272 171
57 65
272 156
276 68
313 12
313 114
311 69
272 12
276 154
272 103
314 182
36 139
112 183
110 160
315 70
315 69
273 9
110 39
315 18
315 179
315 21
316 172
33 146
33 33
33 16
22 36
291 14
119 107
317 149
82 184
88 47
318 74
319 1
319 4
320 96
52 93
27 17
319 168
319 185
319 53
293 33
321 123
322 186
60 121
110 187
224 33
66 167
37 188
129 10
110 162
76 135
323 9
268 28
111 139
321 50
54 68
93 53
4 189
136 93
186 190
317 152
324 111
317 36
325 76
277 184
33 9
37 124
277 191
37 192
244 193
277 16
326 45
220 33
35 33
204 80
259 42
63 193
33 84
33 162
33 74
33 194
33 22
33 195
33 196
285 97
33 141
315 114
33 189
33 197
327 10
130 41
285 33
177 29
100 198
135 10
206 199
135 15
161 200
328 200
101 171
329 53
277 201
285 174
224 162
330 172
10 75
271 134
55 152
273 79
60 202
69 151
331 82
331 203
331 17
166 173
1 171
332 170
224 93
64 160
64 150
111 150
111 167
111 194
111 170
111 204
111 205
301 9
111 45
111 74
111 39
313 41
313 194
313 142
313 45
313 74
313 15
313 37
91 206
313 150
313 207
333 62
46 162
334 24
23 167
320 170
335 79
287 26
326 204
326 40
66 205
326 27
16 208
81 209
336 110
336 170
336 84
321 62
265 72
32 206
332 111
337 144
183 206
126 183
276 208
115 210
332 211
276 34
99 93
276 169
276 45
82 140
276 96
276 61
276 212
332 213
276 47
332 209
277 32
338 203
332 214
339 65
284 186
340 96
136 65
341 72
200 207
341 38
270 42
342 126
341 6
315 36
58 199
315 194
58 97
270 1
58 170
148 215
64 115
148 209
315 216
315 187
148 114
21 42
343 8
344 65
315 6
58 82
58 184
315 217
344 60
344 50
302 66
302 4
302 50
40 106
318 4
343 87
343 36
278 15
131 1
295 21
200 10
196 25
345 188
278 75
345 209
278 194
182 218
346 197
182 4
182 117
347 54
237 106
332 6
332 149
348 42
58 164
304 179
304 130
110 216
110 69
54 107
163 208
349 219
259 23
33 156
33 149
136 151
350 71
351 184
351 17
163 80
101 104
270 212
352 176
353 168
33 41
46 217
354 13
196 100
28 82
229 111
131 36
131 52
293 4
131 142
131 10
128 53
131 220
101 201
128 28
139 106
128 25
128 12
331 39
295 0
355 29
94 60
94 90
355 198
356 60
85 170
183 112
336 221
270 152
355 222
115 169
115 100
115 211
61 184
357 13
61 209
348 223
348 224
59 9
336 12
196 16
358 9
359 8
359 33
309 104
309 162
360 225
85 226
258 42
266 190
360 26
166 210
258 13
32 53
210 162
360 6
259 206
207 88
210 155
210 212
293 90
43 188
361 187
66 129
361 109
321 132
210 227
207 192
362 9
361 8
353 228
82 42
152 33
361 138
361 229
361 20
152 18
361 84
258 206
361 106
301 97
304 200
159 98
353 170
23 230
363 53
364 149
210 231
312 49
111 72
19 75
365 167
111 87
366 53
366 6
301 232
367 110
301 192
172 225
368 150
304 233
363 170
136 114
363 20
369 151
219 54
369 122
213 170
300 65
344 114
363 234
300 235
370 22
363 65
169 21
208 124
371 38
372 226
295 16
302 43
57 88
100 125
339 170
278 229
66 99
191 110
224 152
191 189
224 236
373 237
224 38
224 6
224 238
66 124
191 184
159 20
374 16
203 109
293 37
375 239
203 167
203 142
34 207
184 189
34 230
277 122
203 131
159 90
49 10
49 87
330 219
77 39
218 240
218 25
159 49
218 76
159 9
203 16
111 189
375 11
320 235
194 37
131 39
203 241
261 25
261 53
4 242
59 42
4 170
376 60
4 230
4 59
4 205
71 103
184 243
280 244
26 171
231 9
71 245
59 203
110 244
280 246
356 189
356 35
218 115
35 247
324 140
1 203
37 182
100 134
377 56
378 115
146 103
35 81
189 160
379 81
109 18
289 35
55 33
375 132
380 79
58 248
58 209
58 151
79 230
16 249
336 9
349 62
110 166
349 132
349 250
349 93
381 36
28 208
59 3
137 167
382 9
137 242
85 207
137 251
137 216
382 160
115 230
16 252
383 17
384 203
382 170
385 1
157 145
386 25
386 21
386 238
280 237
315 244
315 39
115 253
387 114
115 223
166 74
115 163
115 127
115 167
380 33
380 104
225 237
212 88
115 88
388 237
212 196
212 103
389 42
181 109
390 188
115 49
41 254
390 209
331 3
212 9
179 16
98 255
115 241
212 131
212 256
212 235
115 257
391 170
383 9
383 223
383 251
383 45
383 97
392 258
383 232
200 45
383 132
383 69
383 170
383 53
324 93
383 259
383 164
393 55
383 204
383 70
23 255
12 42
301 188
66 241
66 243
214 109
223 26
214 42
394 122
356 260
82 261
315 237
278 262
315 49
295 124
394 70
137 262
394 215
394 160
395 187
394 193
295 109
59 6
106 62
394 106
106 193
372 241
394 53
182 62
128 20
128 167
49 72
49 262
49 107
128 155
49 81
128 88
280 217
315 160
33 212
396 81
364 263
397 258
71 62
397 6
364 29
33 264
77 265
398 137
59 17
153 258
399 20
295 9
364 213
400 53
360 68
125 166
360 167
401 12
402 258
336 25
64 43
148 266
403 252
5 160
404 62
64 137
58 101
405 75
397 62
87 247
360 259
286 250
286 145
146 132
384 267
406 71
384 251
258 6
397 81
407 209
407 12
397 168
315 268
258 81
40 62
258 106
110 268
110 237
110 246
408 70
110 194
409 258
409 209
331 216
17 253
17 97
410 251
411 258
412 53
413 162
277 269
414 70
180 91
100 270
277 12
166 80
85 177
375 250
48 134
375 170
318 34
238 160
318 268
415 53
415 27
415 18
408 271
17 245
17 162
416 74
416 268
417 53
375 272
339 72
418 269
418 16
185 243
419 164
420 220
418 241
421 140
418 53
422 258
406 203
350 53
423 238
331 273
71 72
71 104
424 258
331 16
397 209
161 213
377 247
425 185
70 251
70 15
426 32
413 198
426 20
75 74
111 75
75 139
426 88
318 229
427 255
168 226
23 155
426 133
23 245
23 261
270 270
71 17
356 62
71 83
427 245
220 72
220 152
220 49
417 245
220 220
220 140
375 274
390 215
390 16
390 17
262 20
390 259
100 189
390 82
356 23
216 265
428 78
38 133
262 238
38 63
429 53
146 83
324 162
211 70
360 135
211 127
430 162
360 75
130 15
44 127
23 220
71 9
356 82
360 164
360 110
374 9
360 245
360 222
360 275
360 223
360 155
67 87
355 245
17 261
71 276
243 170
64 204
382 119
339 277
382 75
293 185
23 278
226 189
350 62
182 119
270 209
146 16
431 64
350 241
432 269
21 279
432 251
203 278
432 53
203 189
203 276
38 226
42 279
203 96
38 49
405 280
44 281
38 75
44 68
433 155
211 281
211 68
155 103
294 133
294 12
211 73
211 80
211 142
270 162
155 109
83 60
434 254
211 276
434 121
434 29
203 190
435 209
436 77
435 170
435 129
226 179
437 282
56 283
169 23
169 57
98 57
99 160
438 6
219 187
39 40
435 199
372 269
372 274
438 103
372 53
372 188
146 280
39 45
146 188
439 83
278 278
278 284
278 44
440 140
440 269
98 100
440 230
441 164
442 193
99 166
438 264
441 201
364 264
56 263
390 280
56 162
180 118
180 57
180 267
270 8
270 285
440 6
166 243
37 286
384 287
166 34
51 159
443 22
51 288
37 170
71 96
208 84
444 111
123 182
408 206
83 283
83 289
445 75
446 72
91 251
395 33
446 187
446 152
446 33
208 110
447 76
448 272
208 290
250 17
280 277
405 188
405 159
405 82
449 280
30 36
450 269
441 103
451 291
441 292
145 162
314 7
314 55
394 189
395 270
273 62
273 12
331 280
449 268
206 12
36 40
37 226
277 0
277 23
277 106
88 255
449 150
449 293
380 16
380 170
380 6
380 53
380 184
438 294
438 283
447 170
447 6
447 15
112 89
146 53
452 7
439 295
314 122
314 194
314 96
314 35
314 173
453 296
454 269
454 60
226 297
86 75
454 53
226 298
277 25
128 269
56 168
56 251
28 299
56 199
46 164
335 299
380 299
246 262
113 162
246 269
112 182
455 9
449 300
449 289
36 301
286 13
146 187
146 269
146 302
314 303
286 206
314 183
146 281
146 196
146 189
456 251
146 184
146 304
146 289
146 96
227 193
457 269
405 9
273 29
273 299
28 170
218 196
442 168
442 189
218 259
28 292
442 131
28 261
442 54
28 211
447 299
218 252
218 145
453 125
200 61
456 278
456 305
456 59
23 295
23 193
458 238
295 276
318 306
459 183
66 266
101 307
112 226
448 53
390 300
63 170
63 292
66 308
274 308
274 309
35 263
460 193
456 48
421 53
39 294
461 189
461 8
23 310
461 0
461 171
461 155
183 9
347 168
347 189
442 311
79 311
113 193
113 33
250 159
347 311
347 48
331 248
458 23
209 276
181 124
32 312
330 259
441 307
23 313
374 188
442 125
400 16
75 35
462 81
113 261
160 225
130 294
56 137
55 53
397 314
397 72
314 315
412 50
49 74
432 77
110 277
397 54
434 311
112 303
30 299
200 16
384 269
349 78
440 53
417 124
81 12
363 44
273 188
348 9
33 288
160 31
55 299
56 45
201 262
314 155
101 56
463 316
200 316
135 317
34 296
209 167
294 283
209 297
209 241
464 56
250 124
397 8
60 52
339 160
465 144
465 96
397 9
397 68
39 44
466 10
180 294
295 318
180 287
266 312
467 12
328 10
205 62
194 33
468 269
200 47
97 167
66 288
361 275
468 245
361 304
468 17
467 313
468 319
469 187
468 310
37 280
218 237
218 16
218 83
276 288
218 264
97 106
330 189
330 130
298 137
115 320
455 321
91 312
468 322
194 4
348 20
268 318
347 228
268 72
172 260
397 294
242 23
276 164
470 10
101 165
417 170
280 323
330 217
328 15
330 129
225 323
347 98
394 16
110 323
394 259
43 159
400 74
394 280
43 288
465 245
252 209
160 115
273 170
124 122
160 72
184 323
400 8
107 39
160 6
166 226
160 110
379 66
160 239
64 81
115 251
115 324
285 10
242 62
242 42
379 325
160 17
468 9
471 74
472 12
35 269
472 93
472 10
135 44
472 230
472 111
472 326
81 93
360 16
360 9
380 327
23 327
376 317
131 269
49 115
64 314
303 166
64 190
85 296
85 295
298 328
64 318
473 329
289 62
64 141
105 11
64 328
137 220
64 286
474 55
218 188
218 124
137 325
218 230
218 45
28 12
475 53
137 330
33 255
476 44
137 288
476 0
476 28
33 243
476 20
476 6
477 170
444 105
34 331
34 330
34 323
349 63
478 332
478 269
478 170
479 129
479 81
81 273
479 193
424 62
424 72
424 278
424 168
179 115
424 104
424 333
424 251
479 53
424 6
479 252
125 72
397 251
479 251
268 332
479 269
235 8
268 314
397 334
479 334
411 334
397 76
235 83
397 67
411 76
411 67
411 317
424 334
79 251
181 137
235 16
181 144
411 66
235 163
411 142
71 155
424 270
71 263
395 216
424 75
424 134
424 162
424 10
114 226
114 240
449 37
397 230
424 189
424 88
397 156
424 283
424 323
479 189
315 246
139 247
146 335
139 314
110 70
30 39
235 76
235 261
235 247
235 336
314 81
397 100
424 100
214 33
196 277
480 13
185 217
194 52
212 337
318 251
481 269
480 338
202 110
482 67
43 218
432 26
419 187
482 251
220 278
227 187
183 209
205 93
123 303
275 9
136 33
66 329
211 31
456 193
483 236
483 162
207 131
92 33
131 167
484 338
483 18
483 39
483 238
64 167
417 225
474 42
218 129
417 75
397 12
376 83
485 105
209 120
485 285
344 218
479 62
485 129
312 220
476 38
476 258
355 280
476 71
476 24
476 78
476 183
355 16
476 2
476 102
476 260
476 206
344 264
238 283
485 45
486 105
37 299
415 52
485 59
485 109
485 72
485 209
485 301
485 316
486 170
486 152
486 72
486 316
486 167
486 168
289 335
224 339
289 340
459 182
298 314
20 0
298 35
417 299
487 331
487 207
487 267
487 310
474 209
474 251
134 0
175 269
64 316
468 166
318 62
33 209
488 111
468 43
468 65
33 167
33 285
33 326
33 341
489 166
33 342
164 314
51 259
490 109
134 314
276 155
276 334
30 327
276 343
276 206
378 344
276 18
276 49
276 104
468 62
276 194
276 254
457 53
276 251
468 130
0 171
276 337
0 71
0 187
491 42
276 270
438 313
318 329
492 294
438 307
461 6
493 39
492 166
492 345
10 314
76 40
492 266
98 286
492 271
492 20
494 83
494 93
494 20
304 340
492 62
468 189
468 12
280 345
298 299
298 119
272 338
495 187
496 338
496 152
310 12
334 62
310 166
205 346
497 21
498 29
499 60
500 21
498 157
270 103
86 347
501 251
168 170
244 79
218 251
10 170
97 317
109 52
340 348
205 348
502 216
495 347
379 73
57 349
146 300
237 253
424 294
285 276
218 338
396 72
229 251
218 49
484 152
278 6
278 336
396 350
278 298
97 351
278 351
218 189
394 155
218 351
179 351
315 352
212 110
212 167
503 6
24 16
212 286
212 93
330 75
212 155
234 72
212 254
503 353
212 348
504 20
212 49
504 110
212 81
505 144
212 334
504 354
212 326
330 209
212 355
212 148
212 230
504 83
212 306
504 8
212 189
380 47
212 111
212 85
212 288
212 47
505 20
212 206
212 312
504 42
506 36
105 351
506 105
105 356
468 251
10 259
478 20
478 236
478 162
478 238
478 193
448 187
478 188
478 272
275 72
448 269
64 135
349 343
235 326
148 283
261 198
58 325
58 348
58 189
278 259
278 326
212 357
58 216
262 193
507 189
507 8
203 259
508 152
508 15
285 72
508 235
340 346
148 345
298 358
112 323
58 306
58 347
57 359
461 251
127 326
496 120
444 251
49 106
496 106
496 138
496 20
496 72
509 324
509 31
510 170
7 171
509 62
509 239
509 103
509 254
509 131
51 298
51 188
511 333
101 215
493 87
493 140
233 337
512 198
512 77
238 23
235 314
512 159
233 72
512 26
512 291
513 237
434 103
434 194
202 171
385 359
434 56
202 0
434 10
434 31
442 31
434 290
67 348
295 170
512 355
394 335
394 251
394 277
514 290
71 360
503 358
394 323
515 56
268 106
66 309
395 152
395 179
516 331
517 211
515 211
515 361
516 362
518 258
202 235
51 323
517 363
515 20
337 82
519 70
515 189
517 126
243 348
364 290
515 324
517 312
515 191
517 289
517 310
0 115
202 284
202 298
364 345
285 167
517 258
364 358
483 204
483 266
517 334
517 326
520 193
206 170
385 145
520 87
270 171
521 211
521 72
16 363
42 97
314 247
82 189
225 122
225 10
522 266
521 10
198 252
411 6
482 306
521 355
447 317
242 93
523 209
128 313
205 111
524 270
71 97
356 271
203 324
304 345
304 220
203 83
525 55
525 62
525 87
315 283
417 6
203 6
115 286
487 364
526 364
52 109
233 138
487 365
487 251
115 242
474 366
203 366
487 356
487 350
129 16
405 311
516 298
527 311
447 286
487 209
487 362
81 365
74 186
43 212
487 367
492 56
493 48
493 217
516 368
487 287
487 368
43 345
517 254
400 269
528 106
517 306
517 6
434 220
5 72
517 88
434 54
347 220
442 369
434 369
347 96
522 36
347 370
145 10
517 62
28 72
219 270
529 237
375 74
530 63
375 242
375 169
375 252
531 65
375 371
375 261
375 264
532 76
375 56
531 122
395 265
376 350
533 262
376 72
340 9
304 287
527 243
66 93
534 40
527 190
535 97
534 108
364 220
527 129
304 25
390 165
82 97
527 166
527 75
533 258
536 372
388 115
527 209
388 6
388 354
396 62
381 2
388 42
381 170
381 292
531 115
196 10
396 335
537 38
449 348
63 79
538 22
203 353
92 218
191 103
203 346
447 40
449 45
506 373
534 45
347 369
33 368
534 200
443 374
395 103
538 374
534 131
186 101
22 338
186 308
67 265
186 348
534 150
521 263
539 100
218 350
324 87
218 103
110 29
447 314
271 323
395 12
494 295
340 354
540 70
110 97
540 89
218 326
145 323
218 33
540 323
517 196
271 25
110 339
517 25
540 69
280 375
271 376
110 375
271 206
540 62
218 345
350 70
541 56
541 187
388 110
61 175
61 155
512 62
61 375
512 238
91 43
61 348
449 188
542 166
2 185
125 188
170 122
125 88
531 17
91 81
483 339
280 48
350 377
542 378
543 376
542 126
535 243
350 98
200 243
218 72
544 377
106 162
200 198
2 209
544 108
350 379
419 76
338 3
544 169
545 380
545 36
544 209
545 269
229 269
545 115
229 0
545 381
419 317
396 87
319 19
546 24
411 83
546 37
411 167
319 156
259 349
546 150
545 37
242 349
546 51
242 335
259 321
23 286
535 380
379 208
23 331
545 330
546 380
285 187
379 12
546 50
547 209
259 288
242 288
485 358
409 6
92 142
102 121
136 121
517 189
232 42
548 258
548 6
402 6
137 130
395 93
329 6
137 337
137 361
493 29
125 81
334 87
37 6
496 39
302 310
508 289
149 97
201 160
201 187
78 382
149 382
200 383
29 33
549 269
244 8
411 251
272 264
550 158
244 25
244 6
244 12
212 384
396 209
540 152
242 83
233 12
339 245
513 354
23 335
411 326
146 75
465 385
137 326
212 386
128 306
413 93
128 386
540 53
137 189
413 236
540 9
137 386
123 2
123 315
115 386
298 216
413 251
516 329
179 167
51 96
291 18
298 345
32 321
413 211
355 83
534 251
298 379
551 70
113 236
552 162
128 259
208 72
327 1
380 313
257 60
468 53
64 387
336 103
97 98
553 388
447 389
554 357
553 96
544 381
283 107
555 288
405 226
375 199
79 390
375 59
375 189
375 302
208 109
375 108
375 267
176 217
314 264
375 366
540 12
169 391
375 392
131 11
80 266
395 160
375 393
33 183
382 188
160 354
157 33
556 237
557 237
540 209
375 346
558 269
558 237
347 72
268 167
268 16
444 209
559 52
444 316
496 10
238 388
496 29
487 103
487 345
487 87
208 189
252 394
98 239
487 395
545 177
509 369
560 103
487 163
355 335
155 72
259 93
304 251
494 396
560 33
560 142
560 10
560 6
560 72
304 323
412 269
145 387
145 4
283 91
64 275
94 397
64 375
23 203
242 398
242 399
517 100
527 62
165 322
372 83
517 12
372 311
517 294
123 116
372 365
517 130
517 251
372 322
517 81
520 394
372 330
128 400
464 363
538 230
517 110
538 241
517 384
561 12
534 66
538 86
127 401
538 386
470 150
538 204
259 83
538 217
538 244
185 402
64 196
313 316
562 115
538 330
137 323
259 356
563 13
564 389
64 388
206 167
206 16
565 394
206 88
564 313
259 403
64 129
188 404
66 405
564 404
564 406
298 318
564 407
566 376
233 270
564 327
259 289
98 301
64 206
464 83
516 364
201 408
127 376
191 408
184 345
52 321
145 27
531 25
538 189
567 33
220 167
568 152
567 152
568 55
560 12
568 228
568 170
568 6
66 49
568 42
447 379
137 408
564 103
534 189
517 409
534 204
568 106
527 16
564 326
569 76
570 93
405 16
66 286
408 320
569 12
571 77
66 262
569 397
569 308
446 49
493 187
569 78
572 201
493 97
569 138
191 25
572 62
569 62
573 410
574 410
470 140
538 337
470 200
470 189
259 25
194 98
538 384
194 60
572 209
315 53
185 390
27 345
121 366
533 53
121 269
271 345
331 361
38 382
66 269
331 251
569 288
194 3
457 363
270 338
4 42
217 105
471 68
4 375
487 329
434 187
217 145
487 37
315 375
38 217
575 62
217 14
538 29
405 383
372 42
4 352
561 323
423 198
217 193
4 263
572 188
200 29
572 17
467 20
472 349
576 122
577 97
175 411
63 211
578 200
534 29
271 12
324 72
545 106
218 394
545 90
572 148
375 193
175 397
549 351
538 152
259 9
375 126
576 11
271 118
572 412
576 145
575 412
538 338
110 338
175 319
272 67
496 306
272 147
272 342
110 413
165 414
538 108
579 106
77 1
271 9
123 264
270 342
417 9
483 288
554 62
538 109
396 357
544 399
554 386
538 47
24 263
538 235
285 109
156 150
377 209
544 72
544 96
156 33
544 37
156 269
544 18
545 18
572 12
355 349
350 12
94 359
572 397
94 9
94 288
94 193
94 68
545 68
545 306
580 7
79 87
33 286
33 415
33 182
581 371
176 246
16 313
16 397
582 416
395 20
395 347
66 389
521 397
580 78
393 389
393 366
582 193
246 135
246 17
365 105
66 386
137 334
66 417
66 394
66 345
149 75
149 326
79 324
317 217
22 415
181 394
10 394
583 170
467 100
10 383
217 418
584 209
584 73
467 62
553 83
584 161
270 419
309 12
517 337
309 0
278 118
553 160
517 323
278 251
517 357
467 337
33 217
496 100
33 148
109 269
34 160
100 408
585 75
585 184
585 17
226 230
585 198
40 337
585 211
585 251
585 280
17 382
585 386
586 258
585 383
585 72
517 184
318 193
279 317
295 394
279 44
348 106
585 88
585 170
442 72
318 420
559 421
185 214
365 418
106 421
587 12
106 236
588 187
566 340
566 233
231 383
49 418
589 421
590 297
590 389
590 53
405 399
591 124
170 167
43 394
43 360
43 304
560 93
79 106
37 383
586 6
528 248
586 334
571 291
397 323
592 90
226 12
593 265
346 76
346 6
70 351
226 334
166 334
594 381
568 104
128 189
276 359
72 184
43 119
394 352
442 103
182 397
382 394
55 39
360 304
586 282
586 8
346 244
585 20
360 323
200 422
396 286
595 301
145 39
595 157
64 152
64 242
64 417
64 213
64 67
314 383
64 139
64 146
64 127
596 423
64 299
64 332
64 184
64 180
64 264
64 230
484 423
597 424
64 271
246 332
64 143
64 363
64 306
64 345
64 425
64 45
533 269
440 361
533 18
569 10
387 301
328 17
598 1
598 185
599 81
64 10
600 421
24 105
349 278
210 278
33 426
396 426
97 421
24 289
141 48
586 424
24 201
497 62
262 362
262 417
405 427
597 428
597 187
324 155
217 236
217 230
10 297
226 418
562 142
503 345
496 429
496 430
496 431
279 72
64 418
580 12
64 426
473 12
196 11
447 42
473 359
538 323
583 48
601 158
175 115
585 42
374 75
284 39
369 230
374 360
374 170
374 394
602 327
602 58
217 37
217 106
191 346
534 418
374 432
541 259
545 45
602 259
603 14
97 433
562 423
217 433
182 433
602 37
602 74
534 259
534 323
602 245
219 160
406 416
538 418
602 434
602 418
562 106
544 39
68 327
217 434
394 427
10 245
350 74
596 435
350 45
394 306
534 306
596 78
64 189
64 436
394 436
64 437
64 438
173 243
64 415
135 72
60 214
405 96
186 433
212 426
586 10
384 439
468 440
602 68
449 441
278 323
12 442
102 151
521 394
521 143
521 293
150 138
150 120
150 43
561 421
604 72
35 387
35 367
35 378
472 376
472 224
605 97
49 40
185 37
201 325
201 346
175 433
413 346
384 359
439 193
175 6
87 433
87 367
66 280
74 361
74 137
496 103
496 155
66 340
166 319
390 427
390 378
212 443
217 444
212 418
492 327
499 328
499 184
52 324
100 155
98 251
52 445
52 155
98 62
606 421
607 22
347 131
347 375
238 433
608 446
509 187
110 447
78 219
609 129
432 297
610 12
432 448
609 106
10 448
229 106
132 449
339 450
206 37
598 278
330 93
429 442
565 20
185 283
565 87
565 103
565 142
298 429
274 43
390 383
314 147
499 6
52 289
611 424
217 167
127 349
16 433
206 218
141 297
141 387
528 444
169 198
169 228
538 155
172 135
169 243
553 336
395 8
395 115
172 437
553 16
553 259
553 437
417 42
544 159
298 189
298 451
298 418
612 20
252 447
219 194
298 236
217 190
487 23
524 293
591 155
591 48
16 269
613 34
66 334
614 24
175 239
66 135
350 37
269 329
39 230
66 368
66 362
615 419
615 287
615 452
115 269
350 188
115 418
347 287
613 193
613 160
453 82
613 42
613 252
274 129
616 251
66 432
66 374
66 242
384 453
384 268
384 335
43 449
434 131
173 62
71 448
580 53
493 211
170 6
170 16
92 24
591 408
170 83
617 269
618 356
66 268
177 264
409 395
39 12
196 187
426 12
271 155
276 326
141 67
538 187
538 306
412 378
339 64
332 52
538 343
619 6
620 211
619 121
503 103
503 20
99 413
141 337
619 29
619 142
619 24
135 12
135 164
616 318
616 425
616 373
621 187
621 106
384 27
384 98
621 20
621 209
621 122
384 16
621 167
384 345
66 359
621 109
621 213
374 122
529 6
573 433
39 87
39 36
585 167
583 29
202 433
609 142
109 27
356 218
115 23
617 53
360 131
617 33
76 77
360 88
619 33
107 433
545 29
580 318
70 313
70 164
468 167
619 209
49 59
622 277
622 164
622 71
623 26
622 38
622 53
623 454
623 29
27 394
623 109
623 121
27 72
623 398
27 433
623 67
623 394
623 124
396 109
585 300
623 54
623 75
623 339
623 335
623 455
139 144
439 335
623 186
623 42
396 376
591 142
529 398
303 456
396 457
444 103
302 269
456 167
219 98
444 72
565 72
396 98
201 374
432 458
312 33
277 167
277 388
505 167
277 187
624 64
538 6
338 2
622 189
499 318
622 394
622 459
624 93
185 460
295 171
609 460
64 398
64 461
625 38
562 236
625 86
112 264
549 462
557 251
196 142
99 36
623 188
626 89
278 462
397 187
397 23
105 317
105 60
397 155
397 381
421 6
421 87
627 16
97 394
280 413
97 115
97 251
97 152
395 433
97 413
97 37
97 75
545 39
379 72
545 310
436 297
97 318
436 159
379 25
97 72
97 40
628 11
565 88
545 397
545 419
545 108
545 120
629 140
629 53
400 189
57 251
630 405
630 44
630 102
630 236
23 37
64 463
64 27
64 103
64 30
64 350
64 464
64 441
64 465
64 238
107 446
580 211
194 152
100 84
629 466
629 6
629 361
629 70
631 15
631 55
49 337
631 11
350 11
631 36
49 103
100 306
49 25
629 379
572 78
631 115
202 139
241 239
49 49
580 201
366 162
181 251
421 25
309 263
632 433
632 217
632 149
622 467
622 306
332 217
559 328
100 459
521 68
633 56
265 341
633 120
633 15
265 468
265 469
112 354
112 125
538 16
527 470
59 32
33 419
634 338
59 289
635 166
33 293
635 119
596 102
559 471
59 43
87 230
137 151
454 111
545 33
636 39
637 316
32 140
636 29
636 121
200 121
638 79
636 40
638 451
155 263
638 149
636 204
638 106
64 394
64 236
630 0
71 304
630 15
277 368
66 472
222 187
566 349
499 71
222 347
222 319
442 324
442 45
393 142
474 62
474 473
56 347
603 39
521 308
636 189
636 180
632 269
632 53
434 47
127 233
630 12
636 72
33 474
364 474
364 204
364 379
364 314
474 314
513 314
364 201
289 376
639 72
639 251
381 311
269 346
640 184
384 17
355 259
384 475
355 347
641 475
242 75
181 188
642 15
52 189
324 339
633 187
633 78
75 243
633 218
75 350
633 314
75 394
633 72
222 217
633 443
633 189
633 20
633 138
633 300
464 341
633 142
396 142
396 327
633 102
643 430
641 335
396 59
641 321
641 251
641 218
641 203
641 16
641 349
641 62
379 288
641 326
644 251
64 193
312 68
283 137
309 8
309 474
309 160
645 102
645 147
33 300
622 6
631 163
521 18
521 364
434 394
518 10
636 37
347 394
309 476
309 247
622 286
646 422
646 410
155 220
521 97
521 474
521 15
633 423
102 107
376 318
647 269
384 349
204 239
518 6
82 456
38 45
38 170
229 15
648 340
641 269
648 103
648 133
649 62
648 137
648 159
603 220
580 269
100 261
114 214
205 29
650 39
67 423
646 477
521 423
648 262
465 101
648 45
64 311
80 217
648 12
80 193
80 236
576 394
648 433
487 417
648 62
648 308
172 261
82 103
636 463
651 252
651 6
651 245
651 42
651 427
651 109
651 314
173 95
173 432
66 474
329 442
613 115
613 62
27 340
613 6
613 110
181 432
265 423
580 168
466 25
66 335
66 150
66 16
281 457
500 478
652 53
652 33
633 41
315 413
54 168
33 353
464 479
64 33
225 37
315 40
653 431
640 12
630 216
153 307
277 168
653 320
630 480
630 476
630 481
434 288
630 235
630 452
654 340
655 468
655 342
532 243
655 375
630 264
630 354
630 321
651 482
86 418
630 103
651 432
314 119
442 254
596 378
630 167
42 254
651 8
596 173
82 8
651 259
596 62
656 483
640 66
655 157
655 243
657 62
657 4
66 310
657 50
295 484
94 81
102 237
131 33
102 485
102 486
33 482
33 487
10 487
153 487
141 4
38 487
531 167
82 314
394 238
76 437
636 194
309 318
658 483
659 311
153 168
270 109
112 488
270 489
298 487
660 17
661 490
568 15
660 56
147 446
660 454
153 240
568 474
396 487
466 440
454 454
82 269
200 390
75 261
75 454
483 468
640 491
640 483
640 24
656 24
656 264
656 491
396 491
238 189
94 122
280 29
280 189
131 4
624 10
55 167
55 421
64 487
407 332
146 492
86 433
64 41
384 311
499 314
662 60
64 300
64 165
332 235
326 121
659 493
659 65
659 408
663 414
619 25
266 309
278 167
164 6
76 494
509 47
509 263
648 1
313 251
664 103
508 111
665 416
664 236
274 312
278 423
274 495
225 324
166 335
309 480
120 17
368 109
120 190
309 100
644 496
644 497
644 53
644 62
521 155
521 326
50 135
660 493
666 106
200 95
474 65
77 270
667 217
107 137
613 25
633 83
668 389
100 432
361 498
570 72
139 53
570 321
34 23
570 42
669 106
180 453
180 98
180 475
180 439
180 251
180 499
180 345
180 311
384 499
180 335
184 485
180 326
184 408
269 446
34 273
21 209
413 72
670 251
670 17
671 69
542 189
631 106
563 358
672 269
516 65
396 65
146 417
146 445
489 101
656 72
166 209
656 495
405 17
673 51
324 69
673 370
673 150
674 15
673 29
673 339
673 91
396 61
673 241
265 342
423 329
74 81
674 76
264 329
50 432
413 329
380 152
50 225
454 364
674 159
108 237
674 93
613 427
613 41
675 329
262 450
262 388
676 481
571 26
677 57
196 408
414 105
79 8
186 496
641 83
541 498
678 456
679 304
679 275
400 6
679 195
679 294
680 12
679 167
679 398
677 45
679 8
390 311
677 486
679 443
681 388
679 77
679 357
679 84
679 103
679 61
679 346
679 361
679 281
361 108
586 495
660 159
682 109
640 60
535 319
683 65
172 218
684 13
346 10
685 478
541 294
686 76
686 419
687 228
115 462
686 107
541 104
541 444
686 140
688 183
688 72
644 69
644 230
688 6
689 60
204 177
644 201
9 138
153 500
153 23
2 433
153 201
468 478
538 218
331 106
309 456
263 60
568 201
278 394
347 201
278 459
655 57
690 245
690 87
439 329
691 278
442 66
146 259
380 167
692 209
626 71
113 184
693 75
693 346
299 69
693 336
693 163
55 157
693 347
693 198
329 218
329 42
693 218
693 297
286 10
521 336
414 167
694 16
640 264
670 389
694 193
670 495
694 238
694 84
180 398
694 369
670 2
694 17
659 419
695 53
695 323
147 91
695 454
695 451
695 184
414 6
695 269
695 6
696 60
598 20
419 20
694 75
690 409
442 47
442 263
673 451
434 40
180 346
180 347
600 144
434 324
110 42
693 263
434 323
652 20
509 323
442 323
196 487
694 122
376 76
568 164
236 444
137 487
697 29
697 213
697 394
697 19
492 498
690 159
697 100
697 448
635 47
697 170
697 349
697 23
697 301
674 193
250 23
35 466
241 164
685 366
656 201
656 230
248 103
368 269
350 329
88 397
324 349
458 394
55 60
347 323
570 229
456 83
456 421
456 211
456 361
621 72
394 437
456 68
456 45
456 488
446 261
332 41
698 433
570 62
241 177
570 289
570 354
518 418
518 104
518 254
697 121
352 195
39 254
693 29
442 50
614 62
674 245
442 62
686 375
699 228
272 326
683 42
700 7
442 285
442 187
442 325
701 107
701 115
701 6
697 251
697 324
697 323
701 152
697 375
701 12
697 198
701 269
697 209
697 167
657 369
563 298
465 437
568 17
702 366
703 339
688 264
704 15
704 6
704 183
704 209
64 474
704 164
688 313
688 444
394 17
705 65
706 350
568 261
134 107
701 168
231 23
706 346
706 205
696 103
191 264
72 66
405 24
328 495
706 318
696 119
328 452
39 15
540 321
153 413
707 183
153 228
200 288
292 352
708 167
292 127
708 223
292 378
709 145
292 462
710 106
693 155
10 205
212 369
50 346
50 131
568 300
634 326
634 445
492 34
634 430
153 334
508 25
508 43
179 24
711 332
550 345
292 62
153 86
153 356
690 68
690 9
364 311
275 188
697 264
518 217
185 423
50 245
50 77
360 393
712 53
413 23
559 9
316 336
303 262
303 288
327 33
587 472
587 442
657 72
360 196
631 218
444 471
713 311
444 235
115 83
619 226
155 251
619 107
400 83
713 48
714 268
715 495
204 397
70 491
57 366
655 317
716 289
716 464
653 297
717 131
344 235
655 498
655 34
713 498
653 184
347 235
518 314
653 144
698 189
568 189
521 164
718 12
591 131
196 254
52 292
635 386
138 200
719 7
542 0
720 230
717 103
720 56
10 188
717 88
674 57
434 423
717 245
717 394
717 68
717 9
655 106
717 423
717 167
717 252
591 88
570 111
434 66
447 164
131 12
540 289
596 162
674 103
674 9
674 111
591 189
61 395
131 152
131 375
545 152
61 261
721 421
159 335
153 83
159 251
39 359
159 175
274 12
680 292
406 39
312 39
685 495
722 237
685 498
280 88
94 422
292 53
200 66
327 167
723 91
723 33
724 269
697 9
677 255
697 131
697 20
725 12
538 261
172 501
360 334
702 333
568 501
576 381
576 50
576 102
155 184
155 318
255 124
456 63
713 170
50 188
509 423
87 393
218 91
707 89
545 50
545 11
545 24
656 64
707 8
726 13
727 442
727 6
707 452
155 264
238 83
172 375
728 269
331 83
475 189
64 501
591 300
729 317
730 12
713 317
155 323
295 437
707 69
717 183
586 12
544 29
633 103
166 64
166 81
321 502
713 217
360 427
731 130
692 12
434 370
633 139
648 25
648 73
648 20
153 6
39 418
159 43
596 34
688 88
688 318
68 6
298 501
240 110
619 330
619 261
516 69
732 261
642 59
732 314
732 93
732 269
732 0
732 30
732 441
732 33
102 115
732 8
732 353
732 166
732 13
732 38
732 49
732 20
732 6
732 456
732 237
732 53
732 200
732 71
732 78
732 9
732 310
224 167
539 421
539 386
571 455
10 280
97 261
733 42
413 69
191 325
421 100
421 151
421 104
421 124
421 17
421 160
421 166
421 62
421 269
421 262
237 495
237 97
237 239
237 172
237 93
237 502
734 56
717 62
72 42
339 87
624 68
155 394
449 502
735 401
735 454
735 30
735 451
735 102
250 188
735 211
735 193
735 473
733 8
454 127
223 170
457 65
361 486
361 369
361 379
719 389
100 482
146 43
587 197
688 280
728 100
643 23
153 391
643 446
684 19
736 93
736 10
737 491
713 394
37 311
151 87
723 486
723 262
723 244
70 72
723 397
728 33
723 61
505 200
723 100
723 243
723 186
203 61
153 239
713 451
723 68
545 155
675 261
675 463
675 162
139 213
738 454
38 261
181 427
561 37
226 16
300 168
86 502
518 93
339 394
339 224
339 81
66 418
723 10
66 69
671 10
538 21
300 201
458 189
16 10
731 4
458 88
521 88
181 503
713 23
739 15
201 254
740 389
181 198
621 77
169 10
9 15
693 15
656 168
353 261
270 286
270 482
270 107
270 9
270 217
270 254
62 410
112 198
237 365
139 472
100 281
10 459
644 93
741 410
324 446
614 363
324 60
693 199
56 488
614 457
274 363
614 175
417 188
66 125
742 115
743 446
731 387
744 269
643 10
231 77
731 144
545 217
545 441
64 280
266 496
413 88
622 62
713 76
492 134
745 56
360 498
745 212
745 203
746 24
745 261
745 410
466 443
538 57
645 14
175 502
394 423
56 49
726 258
726 291
360 224
360 394
738 98
444 329
738 261
738 163
174 48
131 208
475 269
475 230
509 359
56 498
456 281
146 423
693 261
708 4
708 3
693 264
696 261
234 374
177 493
568 72
747 351
105 93
747 60
442 454
376 33
191 398
135 149
747 149
745 152
415 269
591 306
418 462
460 340
466 394
748 437
749 124
28 152
65 437
181 192
23 479
643 189
66 12
278 93
692 81
181 12
105 149
105 154
662 33
153 104
468 68
750 433
526 159
751 495
434 454
180 245
180 189
385 179
376 11
385 182
255 16
733 390
115 281
752 2
753 474
747 168
197 170
748 436
699 379
105 179
735 394
735 142
735 81
735 418
735 170
735 6
735 189
735 88
735 184
735 72
753 205
735 36
735 175
735 62
39 269
753 375
753 388
363 269
747 36
747 129
109 168
747 164
747 6
202 394
753 56
754 107
441 104
659 53
127 504
458 48
755 119
139 254
756 29
756 264
756 415
756 398
756 121
756 108
756 207
66 484
538 83
442 370
538 163
182 401
105 119
105 72
105 76
757 245
757 388
757 376
757 104
757 192
757 12
757 62
476 111
757 454
227 311
147 33
538 290
538 473
538 478
538 443
758 12
538 453
653 127
653 306
686 103
686 115
686 278
655 394
655 142
759 42
277 8
265 254
503 504
503 168
313 329
153 72
184 421
432 437
346 167
346 321
346 168
346 254
346 311
346 115
735 245
735 164
412 119
412 251
454 37
131 82
182 167
182 417
182 505
714 18
182 8
182 125
182 394
182 251
125 17
182 68
760 71
182 81
760 234
760 298
182 365
182 355
182 368
182 349
182 414
757 168
107 301
236 244
492 103
761 78
376 167
238 9
761 337
127 433
164 42
761 72
761 454
2 387
511 162
511 258
402 334
442 423
762 70
762 78
442 506
166 325
660 162
360 392
200 17
475 252
300 409
374 427
246 29
233 289
347 506
233 43
88 505
458 144
747 11
655 50
758 47
67 495
312 11
181 441
763 168
763 201
145 37
763 228
66 148
41 39
39 487
66 263
161 115
330 200
764 29
434 263
16 359
745 125
360 454
360 84
231 363
405 503
16 103
688 103
346 72
765 27
33 496
39 9
444 82
179 454
650 251
413 434
635 443
735 251
616 93
616 73
616 261
110 441
363 135
601 446
601 152
327 50
37 159
601 50
601 20
601 144
571 135
758 37
765 12
284 10
621 8
764 106
206 10
430 400
301 193
714 207
32 355
315 168
699 24
39 106
766 200
686 159
767 73
768 333
475 168
767 166
72 73
767 399
475 103
475 409
50 159
339 232
686 152
596 166
434 359
601 218
90 60
738 375
262 502
321 325
181 174
695 110
321 495
321 252
164 276
39 60
164 505
164 394
516 417
360 108
753 3
753 26
769 105
753 77
770 474
771 401
499 354
191 218
614 366
713 175
713 109
545 53
361 131
524 441
360 432
498 108
360 281
772 74
580 20
735 288
514 358
655 244
580 18
313 283
180 424
659 417
360 188
762 20
395 451
659 451
686 351
66 100
66 105
50 335
66 369
313 244
313 40
498 188
313 268
538 40
650 269
773 73
347 88
64 9
360 367
274 62
278 215
773 268
735 326
735 238
735 360
774 183
735 32
707 44
303 43
303 62
66 487
627 506
321 357
321 312
321 100
238 163
71 507
321 322
321 6
775 495
775 75
775 366
66 261
753 135
699 190
753 311
774 6
278 416
591 168
356 360
693 281
776 14
776 20
294 32
368 380
458 260
635 25
674 263
301 245
763 72
23 347
356 163
301 18
360 103
23 418
380 269
321 12
735 25
221 352
380 88
380 240
39 213
301 492
301 289
745 3
748 101
688 155
688 12
777 308
139 30
139 2
181 34
686 12
643 198
439 508
50 508
23 128
139 162
385 380
385 185
107 32
331 363
66 509
778 160
527 454
527 381
527 375
778 10
66 155
66 131
380 314
449 495
380 310
674 254
674 189
674 238
66 301
418 417
66 313
86 87
166 131
66 28
66 32
66 294
675 236
675 425
101 8
23 131
779 267
77 32
340 423
733 314
458 109
458 388
458 124
458 473
733 254
56 375
56 100
385 36
309 472
735 109
780 329
780 163
780 425
644 323
528 93
347 454
770 12
75 46
781 269
75 417
564 62
782 24
781 437
394 188
552 456
313 498
332 133
146 294
755 495
783 366
204 124
169 253
476 341
485 137
780 18
544 27
784 42
616 140
492 307
275 16
757 456
747 311
674 142
785 84
236 10
172 352
201 487
685 30
685 117
685 375
685 94
685 32
717 44
70 218
688 60
613 237
76 133
313 416
786 122
50 53
257 356
787 323
87 214
621 436
621 457
621 347
621 485
621 235
621 318
685 11
685 346
385 262
130 289
269 366
623 212
788 281
218 128
789 417
392 87
139 218
181 110
767 119
568 274
430 238
430 193
430 159
596 230
380 211
790 278
790 69
790 24
790 70
361 346
361 347
791 65
616 254
717 300
717 100
655 76
778 168
654 252
787 261
596 239
394 69
321 389
685 81
568 168
792 209
734 11
699 375
734 87
186 318
361 281
461 104
793 170
147 212
298 263
274 49
571 76
780 110
571 318
76 212
787 40
794 50
339 496
719 72
787 72
794 56
795 167
795 50
795 263
795 451
796 499
795 254
795 20
794 20
797 33
795 110
796 457
430 75
795 220
795 82
795 252
794 33
795 164
795 369
795 215
795 106
693 259
541 311
94 152
94 204
94 25
94 100
360 280
512 152
512 33
512 218
512 144
512 217
324 25
391 100
798 168
236 301
347 301
799 50
571 32
16 288
475 69
498 366
139 10
99 75
800 380
800 288
55 441
498 25
498 418
800 7
498 121
801 212
97 49
780 187
780 83
146 425
271 482
64 294
114 436
424 433
538 474
64 359
800 359
780 68
802 39
357 366
596 83
780 415
50 259
360 345
505 50
764 142
803 11
804 166
155 454
804 244
804 323
236 323
805 263
805 375
697 423
376 143
800 168
621 263
201 454
591 121
773 18
289 433
295 427
363 12
155 424
155 444
46 441
660 121
780 207
696 441
347 57
191 129
644 168
70 324
151 103
218 454
115 189
631 375
115 306
439 510
50 510
60 12
806 158
806 237
806 416
347 423
213 9
80 152
269 12
309 10
616 10
236 24
236 189
155 375
780 189
505 310
807 217
220 337
174 118
274 401
201 129
619 323
434 168
758 366
360 401
787 39
64 259
804 338
439 16
101 78
808 6
808 413
808 122
808 189
458 356
458 196
458 82
809 149
796 506
476 50
68 283
392 6
810 119
316 12
261 133
261 103
748 166
372 319
489 35
774 283
161 104
155 418
774 8
56 418
505 103
505 418
631 286
811 230
801 32
801 26
690 124
70 194
705 363
112 506
155 326
794 350
812 88
813 22
814 209
814 225
77 107
815 308
816 53
812 261
531 321
17 361
252 102
131 18
397 189
808 183
816 12
816 50
816 127
66 118
816 15
252 103
753 454
753 441
753 23
753 203
685 261
161 12
505 261
620 251
68 42
801 261
66 151
66 188
66 82
816 6
413 127
155 401
817 53
814 229
184 506
692 102
692 223
614 230
614 83
675 238
808 286
64 323
64 44
818 237
819 258
553 159
432 375
623 135
17 345
505 16
505 83
2 441
482 345
66 103
820 319
621 135
621 26
33 50
33 338
75 387
505 218
449 427
808 375
432 24
674 444
179 323
735 220
302 288
674 358
39 11
505 184
731 25
505 235
374 15
812 23
808 108
808 157
808 164
97 235
621 65
821 183
816 289
801 77
801 455
468 358
468 25
713 474
713 264
621 261
816 88
505 189
816 1
780 261
99 359
255 106
236 278
822 145
823 278
823 223
823 119
823 251
823 366
392 189
454 66
748 96
822 366
822 20
808 29
808 53
824 81
824 472
824 79
824 495
824 211
824 189
816 288
114 437
114 360
362 16
374 129
823 423
816 81
823 346
54 245
825 42
822 485
826 24
826 401
99 308
735 167
800 8
98 345
98 358
822 142
329 117
822 184
97 76
538 288
39 167
827 351
824 325
801 135
801 500
362 167
735 103
735 417
735 437
822 261
828 247
348 325
801 437
654 24
623 427
808 69
699 164
824 511
824 512
587 511
587 512
735 261
461 347
361 345
17 262
17 418
829 162
824 88
824 314
823 347
823 155
631 167
268 416
348 511
181 106
99 441
117 7
206 273
823 281
830 158
621 44
780 268
219 499
831 511
219 129
337 4
66 444
66 144
735 444
832 64
66 445
631 451
66 302
66 300
833 6
834 251
824 72
824 168
816 129
834 204
314 359
481 319
481 104
820 155
181 75
655 133
66 196
65 168
66 182
591 29
220 174
220 310
349 52
349 361
349 48
735 155
97 204
206 486
385 220
266 324
266 308
834 311
538 347
238 311
66 110
281 417
505 106
835 77
824 43
812 84
538 49
126 104
281 337
538 121
836 495
837 7
838 308
838 266
542 154
255 337
839 55
839 389
839 458
839 297
839 350
839 124
839 225
839 72
181 225
390 394
587 143
266 513
300 366
300 97
300 225
23 189
385 9
570 511
570 179
190 209
840 212
841 383
842 329
101 262
801 82
801 207
801 419
801 170
165 119
461 165
735 363
596 82
843 170
843 167
181 306
179 326
735 306
824 68
812 259
570 445
570 441
349 350
405 83
654 184
654 224
654 345
255 224
27 100
341 42
468 88
785 83
314 441
238 369
114 308
803 281
172 102
844 167
616 441
824 167
633 238
591 211
353 375
255 9
70 117
510 119
461 242
808 254
461 215
662 24
481 87
834 10
844 347
845 190
845 58
631 297
844 10
260 22
816 325
300 124
360 346
846 513
266 261
181 32
181 418
236 418
839 514
808 9
847 124
847 394
402 140
85 157
848 376
848 209
849 441
804 376
530 458
405 198
454 515
368 75
850 97
850 74
527 302
800 167
56 262
360 168
468 74
60 198
735 286
461 2
397 286
349 255
851 31
851 145
70 436
454 323
852 149
852 263
117 102
853 209
853 309
853 103
850 358
349 230
114 167
365 356
654 23
591 39
804 288
349 190
442 288
692 224
787 167
787 251
620 416
434 23
845 128
360 496
363 441
845 62
454 273
64 326
64 308
337 16
337 83
337 163
337 26
481 213
774 42
200 273
844 158
454 81
735 254
796 264
434 189
823 39
823 326
16 516
842 188
823 173
801 162
690 394
236 326
280 330
255 254
854 83
854 345
854 52
854 33
360 441
360 189
763 261
72 261
855 188
139 102
856 119
77 393
685 437
738 345
621 254
621 266
804 1
780 135
347 66
857 74
212 322
468 427
212 417
212 264
212 251
212 211
212 444
212 360
212 164
212 261
446 50
212 300
212 441
85 198
804 103
804 499
858 224
780 423
780 357
859 448
859 174
859 26
735 356
738 25
110 88
360 408
854 326
854 251
505 8
785 363
855 124
804 88
804 131
804 190
788 50
114 288
735 369
860 394
860 274
169 29
169 83
861 84
169 378
169 163
169 15
169 88
169 330
169 37
454 198
804 281
804 394
804 347
804 160
804 35
349 356
735 324
454 397
461 252
461 65
447 324
488 152
488 117
488 93
488 48
488 128
488 6
488 252
488 72
488 30
488 350
488 8
488 351
488 194
488 211
488 444
488 419
488 394
488 251
488 159
488 212
488 441
488 45
488 75
488 101
488 193
488 25
488 337
488 49
488 100
488 393
488 418
488 74
488 367
488 378
488 306
488 474
488 280
488 148
488 20
488 456
780 28
488 24
780 37
488 184
488 262
488 408
488 261
488 347
488 87
488 283
488 217
488 310
488 384
800 12
580 405
27 375
454 167
518 24
636 157
454 32
587 283
621 88
461 154
804 198
854 418
794 106
461 167
794 167
23 495
85 510
85 499
85 273
85 301
85 375
860 43
862 83
169 311
72 43
505 43
820 417
168 375
168 499
861 326
353 230
854 278
854 376
454 75
348 75
461 485
280 131
443 56
854 394
854 43
854 65
863 391
863 324
166 168
166 433
820 451
568 65
201 496
804 496
735 75
735 224
824 6
748 193
212 423
212 347
349 239
454 423
864 167
347 37
804 278
212 244
212 259
212 77
212 152
643 159
643 346
461 152
643 42
302 75
861 225
169 39
169 485
34 157
34 363
865 155
865 313
865 30
865 48
865 254
865 444
468 155
454 340
854 361
185 302
865 418
865 239
865 164
865 324
865 174
865 12
692 239
169 16
280 39
349 83
349 252
780 239
780 16
866 167
643 399
866 62
843 297
859 297
212 83
866 168
23 359
866 16
643 93
804 369
179 264
34 364
280 18
815 25
212 362
226 53
804 413
804 211
804 322
804 252
692 43
867 173
804 10
631 436
868 33
809 6
809 42
809 104
809 37
809 167
114 25
824 12
804 25
212 37
212 263
23 513
23 83
570 239
454 445
454 321
454 154
226 170
226 190
862 119
212 321
862 25
212 356
212 351
693 194
693 359
226 155
804 510
804 433
212 276
276 324
804 152
804 193
815 254
662 495
662 119
804 474
596 16
860 32
56 25
693 119
348 62
226 184
804 93
362 11
859 142
735 131
854 58
735 358
242 16
212 16
869 145
869 510
544 11
23 108
206 394
870 394
587 93
643 75
356 340
738 288
454 288
273 42
362 184
316 308
88 276
820 190
23 12
860 81
860 288
860 225
692 83
362 83
362 391
394 42
859 77
87 387
859 517
242 239
91 77
692 16
854 229
871 360
786 354
362 239
844 93
349 514
421 167
421 103
421 8
421 16
421 394
421 251
421 75
421 107
421 170
421 189
421 88
421 9
421 12
70 184
814 245
23 103
421 347
168 207
362 361
349 225
349 12
872 218
56 155
110 378
72 212
316 43
421 102
854 212
587 218
112 189
112 302
149 184
873 145
5 514
654 159
527 164
50 75
527 9
527 351
527 57
527 437
527 513
166 25
328 81
362 491
874 209
255 288
72 313
804 374
349 162
409 65
875 6
349 107
349 122
71 518
202 146
876 66
876 506
870 65
798 7
21 62
808 42
353 167
349 287
877 173
328 93
878 258
860 486
879 6
187 384
114 455
165 77
680 42
870 167
870 278
804 518
735 308
353 287
114 281
85 287
693 474
114 100
114 337
605 224
114 83
880 20
865 42
596 391
880 235
880 519
16 519
177 11
177 441
177 337
177 363
177 455
177 102
489 173
114 359
881 37
881 96
882 512
302 24
750 308
873 142
614 96
114 384
176 37
475 50
860 12
814 42
844 168
799 9
883 268
844 264
657 193
657 364
854 193
114 9
884 347
693 37
885 297
885 366
114 261
660 342
94 505
884 297
884 107
884 23
884 20
884 441
226 306
226 218
846 101
680 30
71 520
300 44
878 148
824 8
385 12
413 441
360 423
886 376
576 451
461 408
887 319
887 167
886 340
714 121
582 158
85 204
878 33
34 198
109 39
109 71
266 35
872 72
861 88
861 346
861 224
861 110
845 26
861 26
861 77
114 346
114 418
881 310
316 345
114 108
616 90
315 441
735 520
888 160
114 179
605 245
773 142
791 185
85 20
33 213
889 42
855 286
56 166
890 55
890 229
242 97
109 42
75 347
75 212
891 34
213 60
735 100
791 255
885 311
891 366
892 322
857 262
616 145
778 129
763 50
669 167
893 448
893 521
894 42
413 75
489 441
356 30
895 42
895 52
896 436
300 105
844 104
325 472
110 499
242 280
891 174
872 140
347 146
347 324
274 329
70 310
137 23
415 11
344 496
207 162
897 48
898 48
865 441
801 29
137 441
564 8

